24	25	25	23	31	32	32	30	29	30	34	38	33	34	34	34	35	39	43	47	43	38	42	53	56	47	39	40	41	43	42	36	32	32	33	33	34	33	30	30	31	33	35	36	35	32	29
25	24	23	22	30	33	35	38	40	36	33	40	36	35	33	36	42	44	46	55	55	55	55	54	50	47	46	48	48	51	51	45	43	43	39	34	35	35	37	41	41	38	36	35	32	25	27
22	23	24	24	31	33	34	41	49	48	45	48	41	45	46	48	52	53	58	69	70	69	69	70	67	64	61	59	60	62	60	56	54	54	49	42	48	48	49	50	48	42	37	35	26	24	29
21	23	25	27	27	31	33	38	46	49	51	57	51	58	61	61	62	62	68	80	78	77	75	73	72	71	69	68	78	75	68	62	62	64	61	57	63	59	55	52	47	39	34	32	28	26	30
22	25	27	28	28	34	36	36	40	44	53	65	66	75	78	77	76	76	80	90	101	100	95	91	89	91	95	97	100	92	81	74	74	79	79	76	76	68	58	51	44	40	38	39	39	31	30
24	26	27	28	34	40	42	43	51	58	64	73	82	90	94	95	99	101	103	110	126	129	128	123	119	123	129	132	122	114	103	96	98	100	98	95	87	78	67	59	54	50	48	48	40	33	32
24	27	29	30	37	41	44	52	70	80	80	80	92	102	108	114	122	129	133	138	144	152	157	155	153	153	154	153	139	134	128	126	125	122	116	110	97	90	82	76	70	61	54	50	36	34	36
26	30	35	37	40	48	54	64	83	96	100	102	113	125	133	140	150	158	162	167	175	183	190	191	191	192	186	181	168	164	157	155	153	147	138	133	120	113	105	97	87	74	62	55	44	39	38
28	34	41	45	49	63	73	78	91	104	118	131	140	153	162	167	176	183	187	192	204	209	212	213	216	218	211	202	199	193	185	180	176	169	163	160	149	139	127	116	104	89	76	68	59	46	38
32	36	44	51	59	75	88	98	115	132	147	158	165	173	184	193	200	206	211	216	223	223	226	231	234	232	227	224	214	212	207	203	199	193	186	183	172	163	149	135	122	107	91	81	70	56	43
41	46	55	63	78	94	109	121	136	151	164	176	185	192	202	209	213	217	221	225	228	231	237	244	247	243	234	228	220	218	215	212	209	204	198	194	184	177	166	152	136	120	106	97	80	65	51
43	52	66	78	89	106	122	135	150	163	175	186	193	200	207	212	214	217	221	224	227	232	239	246	247	244	235	229	227	224	220	218	217	213	206	202	187	182	172	158	142	124	110	102	86	73	58
41	48	62	74	85	101	117	131	146	157	169	181	193	199	206	210	212	214	218	222	228	233	238	242	243	242	237	231	225	221	217	215	212	207	200	194	184	177	166	153	137	120	104	94	78	66	53
38	41	49	56	75	88	102	115	131	142	153	166	176	183	191	197	200	203	209	213	218	223	228	231	234	234	229	224	218	213	206	202	197	190	181	175	165	155	142	129	116	101	83	71	62	51	40
31	36	46	54	64	73	83	96	111	121	130	142	149	156	165	172	176	181	188	193	198	206	212	215	218	218	212	206	200	194	186	180	174	168	157	149	137	126	112	100	92	80	64	53	51	42	33
27	34	43	51	52	57	64	76	90	97	102	112	123	129	137	144	149	155	162	168	176	184	190	191	192	194	191	185	171	165	156	151	145	139	128	120	113	104	92	82	76	69	59	51	46	37	30
33	33	33	33	44	47	52	63	77	81	83	90	95	102	110	117	122	126	133	138	147	153	156	154	155	160	160	157	145	138	132	127	123	116	106	98	86	79	70	62	57	52	47	43	40	32	25
29	29	32	36	48	40	43	57	62	58	63	76	85	86	94	96	100	105	105	112	128	129	130	126	122	120	126	135	124	112	99	91	91	93	92	89	74	64	58	54	48	46	42	34	35	31	25
25	24	26	29	36	34	35	41	46	51	59	66	70	70	77	74	73	79	82	91	96	97	96	94	90	89	94	101	103	93	81	73	71	71	72	69	69	56	51	52	46	40	36	34	31	30	28
24	26	30	33	34	39	41	40	44	55	62	61	59	59	65	60	59	67	72	84	76	75	74	74	72	72	75	80	84	77	66	58	54	53	53	52	59	45	45	52	47	37	33	33	26	28	29
25	31	37	40	31	38	42	40	42	50	51	46	46	44	48	46	47	54	57	67	60	59	60	62	62	59	58	59	70	66	59	52	47	44	44	45	44	38	41	48	45	37	33	31	26	28	28
24	29	33	34	34	36	38	38	38	38	37	35	39	35	40	38	40	45	42	45	49	48	50	53	53	49	45	43	56	54	50	45	41	38	38	40	35	34	37	38	35	37	38	32	29	28	26
22	27	29	27	40	37	35	34	32	31	32	34	37	32	37	37	41	46	40	40	43	43	46	50	49	45	40	37	42	42	41	38	35	33	33	34	35	36	36	31	28	36	42	38	31	29	26
