25	26	26	24	35	36	36	34	33	34	38	42	37	37	37	37	40	42	48	50	46	38	42	56	59	50	42	43	46	46	45	40	36	33	34	34	35	32	29	29	30	32	34	35	34	31	28
26	25	24	23	31	34	36	39	43	39	38	45	41	40	38	41	49	49	53	59	58	58	58	58	57	54	55	56	58	60	58	52	47	46	42	34	35	35	37	41	41	38	36	36	33	26	28
23	24	25	25	32	34	35	42	52	51	50	53	46	50	53	55	59	60	65	73	73	72	73	74	74	72	71	71	72	72	68	62	58	56	52	45	48	48	49	50	48	42	37	35	27	25	30
22	24	26	28	31	34	36	41	49	52	54	60	54	61	66	66	67	66	72	84	81	77	78	77	79	79	79	78	88	85	77	69	66	67	64	57	63	59	55	52	47	40	35	33	29	27	31
23	26	28	29	31	37	39	39	43	47	56	68	69	78	81	80	81	79	83	93	101	100	98	94	93	98	104	106	110	101	88	78	77	79	79	76	76	68	58	51	45	41	39	40	40	32	31
25	27	28	29	37	43	45	46	51	58	64	73	83	91	95	96	102	102	104	111	125	128	129	126	124	130	136	139	131	121	110	101	101	101	99	94	88	79	68	60	55	51	49	49	41	34	34
25	28	30	31	40	44	47	55	70	80	80	80	93	103	109	113	123	128	132	137	143	151	158	156	156	158	159	158	147	139	133	129	126	123	115	109	98	91	83	77	71	62	55	51	37	35	37
27	31	36	38	43	51	57	67	83	96	100	102	112	124	132	138	149	156	160	165	175	183	190	192	192	195	190	184	173	167	161	156	154	147	138	132	121	113	105	97	88	75	63	56	45	40	39
29	35	42	46	52	66	76	81	91	104	118	131	139	152	160	165	174	181	185	190	204	209	212	213	217	219	215	206	203	194	186	181	176	169	163	159	149	139	127	116	104	89	76	68	60	47	39
33	37	45	52	59	75	88	98	115	132	146	157	164	172	182	191	195	201	207	214	223	223	226	231	234	232	228	225	216	213	208	203	199	193	186	182	172	163	149	135	122	107	91	81	70	56	43
42	47	56	64	78	94	109	121	136	151	163	175	184	191	200	207	211	212	217	223	228	231	237	244	247	243	236	230	222	220	215	212	209	204	198	193	184	177	166	152	136	120	106	97	80	65	51
44	53	67	79	89	106	122	135	149	162	174	185	192	199	207	212	214	215	219	222	227	231	238	245	247	244	235	229	227	224	220	218	216	212	205	201	187	182	172	158	142	124	110	102	86	73	58
42	49	63	75	85	101	117	131	145	156	168	180	192	198	206	210	212	214	218	222	227	232	237	241	243	242	237	231	225	221	217	214	211	206	199	193	184	177	166	153	137	120	104	94	78	66	53
39	42	50	57	74	87	101	114	130	141	154	167	177	184	192	198	201	204	210	214	219	224	229	232	233	233	229	224	218	213	206	201	198	191	182	175	165	155	142	129	116	101	83	71	62	51	41
32	37	47	55	63	72	82	95	110	120	131	143	150	157	166	173	177	182	189	194	199	206	213	216	217	217	212	206	200	193	185	179	175	168	157	149	138	127	113	101	93	81	65	54	52	43	34
28	35	44	52	51	56	63	75	89	96	103	113	124	130	141	148	153	159	166	171	176	184	190	191	191	193	190	184	170	164	155	150	146	139	128	120	114	105	93	83	77	70	60	52	47	38	31
34	34	34	34	43	46	51	62	76	80	84	91	96	103	113	120	125	131	138	143	150	153	156	154	155	160	161	158	146	139	132	127	123	116	106	98	87	80	71	63	58	53	48	44	41	33	27
30	30	33	37	47	39	42	56	63	59	64	77	88	89	99	101	104	112	112	116	130	131	132	130	126	124	133	142	131	119	103	95	95	95	94	92	74	65	59	55	49	47	43	35	36	32	26
26	25	27	30	35	33	34	40	47	52	60	67	73	73	81	78	80	86	88	95	100	99	100	98	97	96	103	110	112	102	88	80	75	75	74	72	69	56	52	53	47	41	37	35	32	31	29
25	27	31	34	33	38	40	39	45	56	63	62	62	62	69	64	63	71	78	88	80	78	77	78	79	79	82	87	91	84	73	65	58	56	56	55	59	46	46	53	48	38	34	34	27	29	30
26	32	38	41	30	37	41	39	43	51	52	47	49	47	53	50	51	58	64	71	63	62	63	65	66	66	65	66	77	73	66	56	50	47	47	48	45	39	42	49	46	38	34	32	27	29	29
25	30	34	35	33	35	37	37	39	39	38	36	42	38	43	41	44	49	46	49	52	51	53	56	58	54	50	48	61	59	55	50	44	41	41	43	36	35	38	39	36	38	39	33	30	29	27
23	28	30	28	39	36	34	33	33	32	33	35	40	35	40	40	46	50	44	44	46	46	49	53	54	50	45	42	47	47	46	43	38	36	36	37	36	37	37	32	29	37	43	39	32	30	27
